37.0067 36.9966 37 37
37.2777 36.8604 37.0011 36.9997
37.5527 36.7206 37.0042 36.9989
37.8319 36.5771 37.0093 36.9976
38.1154 36.4299 37.0167 36.9956
38.4035 36.2787 37.0263 36.993
38.6962 36.1236 37.0382 36.9898
38.9936 35.9644 37.0525 36.9858
39.2961 35.8008 37.0692 36.9811
39.6036 35.6329 37.0885 36.9756
39.9165 35.4604 37.1104 36.9692
40.2348 35.2833 37.1351 36.9619
40.5588 35.1013 37.1626 36.9537
40.8887 34.9143 37.1931 36.9445
41.2246 34.7221 37.2265 36.9342
41.5668 34.5246 37.2632 36.9228
41.9155 34.3215 37.303 36.9102
42.2709 34.1128 37.3463 36.8964
42.6332 33.8981 37.3931 36.8812
43.0027 33.6773 37.4435 36.8647
43.3797 33.4503 37.4977 36.8467
43.7643 33.2166 37.5558 36.8272
44.157 32.9762 37.618 36.8061
44.5578 32.7288 37.6845 36.7833
44.9672 32.4741 37.7553 36.7586
45.3854 32.212 37.8307 36.7321
45.8128 31.942 37.9109 36.7037
46.2496 31.664 37.996 36.6731
46.6962 31.3776 38.0862 36.6403
47.1529 31.0826 38.1818 36.6053
47.6202 30.7787 38.2829 36.5678
48.0983 30.4654 38.3898 36.5277
48.5878 30.1426 38.5028 36.485
49.0888 29.8097 38.622 36.4395
49.602 29.4665 38.7478 36.391
50.1277 29.1126 38.8803 36.3393
50.6664 28.7475 39.0199 36.2844
51.2185 28.3709 39.1668 36.2261
51.7846 27.9823 39.3215 36.1642
52.3651 27.5813 39.4841 36.0984
52.9606 27.1674 39.655 36.0287
53.5716 26.7401 39.8347 35.9548
54.1987 26.2989 40.0234 35.8764
54.8425 25.8433 40.2215 35.7935
55.5036 25.3727 40.4295 35.7057
56.1825 24.8865 40.6477 35.6128
56.8801 24.3842 40.8766 35.5146
57.5969 23.8651 41.1167 35.4107
58.3338 23.3286 41.3684 35.3009
59.0913 22.774 41.6323 35.1849
59.8704 22.2006 41.9088 35.0624
60.6718 21.6076 42.1986 34.933
61.4964 20.9943 42.5021 34.7965
62.3449 20.3599 42.8201 34.6524
63.2184 19.7036 43.1531 34.5003
64.1177 19.0245 43.5017 34.34
65.0439 18.3217 43.8668 34.1708
65.9979 17.5942 44.2489 33.9926
66.9808 16.8411 44.649 33.8046
67.9937 16.0613 45.0676 33.6066
69.0377 15.2538 45.5057 33.3979
70.1141 14.4175 45.9641 33.1781
71.224 13.5512 46.4438 32.9465
72.3688 12.6537 46.9457 32.7027
73.5498 11.7238 47.4707 32.4459
74.7684 10.7601 48.0199 32.1756
76.026 9.76127 48.5944 31.891
77.3241 8.7259 49.1953 31.5914
78.6644 7.65249 49.8238 31.2762
80.0483 6.5395 50.4812 30.9444
81.4778 5.38531 51.1686 30.5954
82.9544 4.18824 51.8876 30.2281
84.48 2.94652 52.6394 29.8418
86.0566 1.65834 53.4257 29.4355
87.6862 0.321781 54.2478 29.0081
89.3707 -1.06515 55.1076 28.5586
91.1124 -2.50452 56.0066 28.086
92.9136 -3.99851 56.9466 27.589
94.7765 -5.54936 57.9296 27.0664
96.7036 -7.15944 58.9573 26.517
98.6974 -8.83119 60.032 25.9394
100.761 -10.5672 61.1556 25.3323
102.896 -12.3701 62.3305 24.6941
105.106 -14.2427 63.5589 24.0233
107.395 -16.1879 64.8433 23.3182
109.764 -18.2088 66.1862 22.5773
112.217 -20.3084 67.5904 21.7986
114.759 -22.4902 69.0586 20.9803
117.391 -24.7575 70.5937 20.1205
120.118 -27.1139 72.1988 19.217
122.944 -29.5632 73.8771 18.2677
125.873 -32.1093 75.6319 17.2704
128.908 -34.7562 77.4667 16.2225
132.054 -37.5083 79.3852 15.1217
135.315 -40.3699 81.3913 13.9652
138.697 -43.3457 83.4888 12.7504
142.204 -46.4405 85.682 11.4742
145.84 -49.6593 87.9753 10.1338
149.612 -53.0075 90.3734 8.72577
153.525 -56.4904 92.8809 7.24689
157.584 -60.1138 95.5029 5.69362
161.795 -63.8838 98.2448 4.06225
166.166 -67.8064 101.112 2.34892
170.701 -71.8882 104.11 0.54956
175.408 -76.1361 107.245 -1.34009
180.294 -80.557 110.524 -3.32451
185.367 -85.1584 113.952 -5.40838
190.633 -89.948 117.537 -7.59665
196.1 -94.9338 121.286 -9.89446
201.778 -100.124 125.207 -12.3073
207.675 -105.528 129.307 -14.8407
213.799 -111.154 133.595 -17.5008
220.16 -117.013 138.079 -20.2938
226.768 -123.113 142.769 -23.2262
233.632 -129.466 147.673 -26.305
240.764 -136.082 152.802 -29.5373
248.175 -142.973 158.167 -32.9308
255.876 -150.15 163.777 -36.4934
263.878 -157.625 169.644 -40.2335
272.196 -165.413 175.78 -44.1597
280.84 -173.525 182.197 -48.2813
289.826 -181.976 188.909 -52.6078
299.168 -190.781 195.929 -57.1495
308.879 -199.955 203.271 -61.9168
318.976 -209.513 210.949 -66.9209
329.474 -219.473 218.981 -72.1734
340.391 -229.852 227.38 -77.6865
351.743 -240.667 236.166 -83.473
363.549 -251.938 245.354 -89.5464
375.827 -263.685 254.965 -95.9207
388.598 -275.928 265.017 -102.611
